Time 0
Waiting clients: (1 2 5); (2 3 5); (3 5 3); (4 7 3); (5 8 4); (6 9 3); (7 10 6); (8 10 7); (9 12 7); (10 12 1); (11 13 3); (12 13 1); (13 14 5); (14 15 3); (15 15 4); (16 16 1); (17 16 7); (18 17 1); (19 17 5); (20 17 3); (21 17 5); (22 18 5); (23 19 3); (24 19 7); (25 19 7); (26 20 3); (27 21 5); (28 25 2); (29 25 1); (30 26 7); (31 26 4); (32 27 1); (33 27 3); (34 28 4); (35 29 7); (36 31 5); (37 31 2); (38 33 4); (39 33 4); (40 33 5); (41 33 6); (42 34 7); (43 34 1); (44 35 3); (45 35 5); (46 37 2); (47 38 2); (48 38 3); (49 39 2); (50 40 1); 
Queue 1: closed
Queue 2: closed
Queue 3: closed
Queue 4: closed
Queue 5: closed
Time 1
Waiting clients: (1 2 5); (2 3 5); (3 5 3); (4 7 3); (5 8 4); (6 9 3); (7 10 6); (8 10 7); (9 12 7); (10 12 1); (11 13 3); (12 13 1); (13 14 5); (14 15 3); (15 15 4); (16 16 1); (17 16 7); (18 17 1); (19 17 5); (20 17 3); (21 17 5); (22 18 5); (23 19 3); (24 19 7); (25 19 7); (26 20 3); (27 21 5); (28 25 2); (29 25 1); (30 26 7); (31 26 4); (32 27 1); (33 27 3); (34 28 4); (35 29 7); (36 31 5); (37 31 2); (38 33 4); (39 33 4); (40 33 5); (41 33 6); (42 34 7); (43 34 1); (44 35 3); (45 35 5); (46 37 2); (47 38 2); (48 38 3); (49 39 2); (50 40 1); 
Queue 1: closed
Queue 2: closed
Queue 3: closed
Queue 4: closed
Queue 5: closed
Time 2
Waiting clients: (2 3 5); (3 5 3); (4 7 3); (5 8 4); (6 9 3); (7 10 6); (8 10 7); (9 12 7); (10 12 1); (11 13 3); (12 13 1); (13 14 5); (14 15 3); (15 15 4); (16 16 1); (17 16 7); (18 17 1); (19 17 5); (20 17 3); (21 17 5); (22 18 5); (23 19 3); (24 19 7); (25 19 7); (26 20 3); (27 21 5); (28 25 2); (29 25 1); (30 26 7); (31 26 4); (32 27 1); (33 27 3); (34 28 4); (35 29 7); (36 31 5); (37 31 2); (38 33 4); (39 33 4); (40 33 5); (41 33 6); (42 34 7); (43 34 1); (44 35 3); (45 35 5); (46 37 2); (47 38 2); (48 38 3); (49 39 2); (50 40 1); 
Queue 1: (1 2 5); 
Queue 2: closed
Queue 3: closed
Queue 4: closed
Queue 5: closed
Time 3
Waiting clients: (3 5 3); (4 7 3); (5 8 4); (6 9 3); (7 10 6); (8 10 7); (9 12 7); (10 12 1); (11 13 3); (12 13 1); (13 14 5); (14 15 3); (15 15 4); (16 16 1); (17 16 7); (18 17 1); (19 17 5); (20 17 3); (21 17 5); (22 18 5); (23 19 3); (24 19 7); (25 19 7); (26 20 3); (27 21 5); (28 25 2); (29 25 1); (30 26 7); (31 26 4); (32 27 1); (33 27 3); (34 28 4); (35 29 7); (36 31 5); (37 31 2); (38 33 4); (39 33 4); (40 33 5); (41 33 6); (42 34 7); (43 34 1); (44 35 3); (45 35 5); (46 37 2); (47 38 2); (48 38 3); (49 39 2); (50 40 1); 
Queue 1: (1 2 4); 
Queue 2: (2 3 5); 
Queue 3: closed
Queue 4: closed
Queue 5: closed
Time 4
Waiting clients: (3 5 3); (4 7 3); (5 8 4); (6 9 3); (7 10 6); (8 10 7); (9 12 7); (10 12 1); (11 13 3); (12 13 1); (13 14 5); (14 15 3); (15 15 4); (16 16 1); (17 16 7); (18 17 1); (19 17 5); (20 17 3); (21 17 5); (22 18 5); (23 19 3); (24 19 7); (25 19 7); (26 20 3); (27 21 5); (28 25 2); (29 25 1); (30 26 7); (31 26 4); (32 27 1); (33 27 3); (34 28 4); (35 29 7); (36 31 5); (37 31 2); (38 33 4); (39 33 4); (40 33 5); (41 33 6); (42 34 7); (43 34 1); (44 35 3); (45 35 5); (46 37 2); (47 38 2); (48 38 3); (49 39 2); (50 40 1); 
Queue 1: (1 2 3); 
Queue 2: (2 3 4); 
Queue 3: closed
Queue 4: closed
Queue 5: closed
Time 5
Waiting clients: (4 7 3); (5 8 4); (6 9 3); (7 10 6); (8 10 7); (9 12 7); (10 12 1); (11 13 3); (12 13 1); (13 14 5); (14 15 3); (15 15 4); (16 16 1); (17 16 7); (18 17 1); (19 17 5); (20 17 3); (21 17 5); (22 18 5); (23 19 3); (24 19 7); (25 19 7); (26 20 3); (27 21 5); (28 25 2); (29 25 1); (30 26 7); (31 26 4); (32 27 1); (33 27 3); (34 28 4); (35 29 7); (36 31 5); (37 31 2); (38 33 4); (39 33 4); (40 33 5); (41 33 6); (42 34 7); (43 34 1); (44 35 3); (45 35 5); (46 37 2); (47 38 2); (48 38 3); (49 39 2); (50 40 1); 
Queue 1: (1 2 2); 
Queue 2: (2 3 3); 
Queue 3: (3 5 3); 
Queue 4: closed
Queue 5: closed
Time 6
Waiting clients: (4 7 3); (5 8 4); (6 9 3); (7 10 6); (8 10 7); (9 12 7); (10 12 1); (11 13 3); (12 13 1); (13 14 5); (14 15 3); (15 15 4); (16 16 1); (17 16 7); (18 17 1); (19 17 5); (20 17 3); (21 17 5); (22 18 5); (23 19 3); (24 19 7); (25 19 7); (26 20 3); (27 21 5); (28 25 2); (29 25 1); (30 26 7); (31 26 4); (32 27 1); (33 27 3); (34 28 4); (35 29 7); (36 31 5); (37 31 2); (38 33 4); (39 33 4); (40 33 5); (41 33 6); (42 34 7); (43 34 1); (44 35 3); (45 35 5); (46 37 2); (47 38 2); (48 38 3); (49 39 2); (50 40 1); 
Queue 1: (1 2 1); 
Queue 2: (2 3 2); 
Queue 3: (3 5 2); 
Queue 4: closed
Queue 5: closed
Time 7
Waiting clients: (5 8 4); (6 9 3); (7 10 6); (8 10 7); (9 12 7); (10 12 1); (11 13 3); (12 13 1); (13 14 5); (14 15 3); (15 15 4); (16 16 1); (17 16 7); (18 17 1); (19 17 5); (20 17 3); (21 17 5); (22 18 5); (23 19 3); (24 19 7); (25 19 7); (26 20 3); (27 21 5); (28 25 2); (29 25 1); (30 26 7); (31 26 4); (32 27 1); (33 27 3); (34 28 4); (35 29 7); (36 31 5); (37 31 2); (38 33 4); (39 33 4); (40 33 5); (41 33 6); (42 34 7); (43 34 1); (44 35 3); (45 35 5); (46 37 2); (47 38 2); (48 38 3); (49 39 2); (50 40 1); 
Queue 1: (4 7 3); 
Queue 2: (2 3 1); 
Queue 3: (3 5 1); 
Queue 4: closed
Queue 5: closed
Time 8
Waiting clients: (6 9 3); (7 10 6); (8 10 7); (9 12 7); (10 12 1); (11 13 3); (12 13 1); (13 14 5); (14 15 3); (15 15 4); (16 16 1); (17 16 7); (18 17 1); (19 17 5); (20 17 3); (21 17 5); (22 18 5); (23 19 3); (24 19 7); (25 19 7); (26 20 3); (27 21 5); (28 25 2); (29 25 1); (30 26 7); (31 26 4); (32 27 1); (33 27 3); (34 28 4); (35 29 7); (36 31 5); (37 31 2); (38 33 4); (39 33 4); (40 33 5); (41 33 6); (42 34 7); (43 34 1); (44 35 3); (45 35 5); (46 37 2); (47 38 2); (48 38 3); (49 39 2); (50 40 1); 
Queue 1: (4 7 2); 
Queue 2: (5 8 4); 
Queue 3: closed
Queue 4: closed
Queue 5: closed
Time 9
Waiting clients: (7 10 6); (8 10 7); (9 12 7); (10 12 1); (11 13 3); (12 13 1); (13 14 5); (14 15 3); (15 15 4); (16 16 1); (17 16 7); (18 17 1); (19 17 5); (20 17 3); (21 17 5); (22 18 5); (23 19 3); (24 19 7); (25 19 7); (26 20 3); (27 21 5); (28 25 2); (29 25 1); (30 26 7); (31 26 4); (32 27 1); (33 27 3); (34 28 4); (35 29 7); (36 31 5); (37 31 2); (38 33 4); (39 33 4); (40 33 5); (41 33 6); (42 34 7); (43 34 1); (44 35 3); (45 35 5); (46 37 2); (47 38 2); (48 38 3); (49 39 2); (50 40 1); 
Queue 1: (4 7 1); 
Queue 2: (5 8 3); 
Queue 3: (6 9 3); 
Queue 4: closed
Queue 5: closed
Time 10
Waiting clients: (9 12 7); (10 12 1); (11 13 3); (12 13 1); (13 14 5); (14 15 3); (15 15 4); (16 16 1); (17 16 7); (18 17 1); (19 17 5); (20 17 3); (21 17 5); (22 18 5); (23 19 3); (24 19 7); (25 19 7); (26 20 3); (27 21 5); (28 25 2); (29 25 1); (30 26 7); (31 26 4); (32 27 1); (33 27 3); (34 28 4); (35 29 7); (36 31 5); (37 31 2); (38 33 4); (39 33 4); (40 33 5); (41 33 6); (42 34 7); (43 34 1); (44 35 3); (45 35 5); (46 37 2); (47 38 2); (48 38 3); (49 39 2); (50 40 1); 
Queue 1: (7 10 6); 
Queue 2: (5 8 2); 
Queue 3: (6 9 2); 
Queue 4: (8 10 7); 
Queue 5: closed
Time 11
Waiting clients: (9 12 7); (10 12 1); (11 13 3); (12 13 1); (13 14 5); (14 15 3); (15 15 4); (16 16 1); (17 16 7); (18 17 1); (19 17 5); (20 17 3); (21 17 5); (22 18 5); (23 19 3); (24 19 7); (25 19 7); (26 20 3); (27 21 5); (28 25 2); (29 25 1); (30 26 7); (31 26 4); (32 27 1); (33 27 3); (34 28 4); (35 29 7); (36 31 5); (37 31 2); (38 33 4); (39 33 4); (40 33 5); (41 33 6); (42 34 7); (43 34 1); (44 35 3); (45 35 5); (46 37 2); (47 38 2); (48 38 3); (49 39 2); (50 40 1); 
Queue 1: (7 10 5); 
Queue 2: (5 8 1); 
Queue 3: (6 9 1); 
Queue 4: (8 10 6); 
Queue 5: closed
Time 12
Waiting clients: (11 13 3); (12 13 1); (13 14 5); (14 15 3); (15 15 4); (16 16 1); (17 16 7); (18 17 1); (19 17 5); (20 17 3); (21 17 5); (22 18 5); (23 19 3); (24 19 7); (25 19 7); (26 20 3); (27 21 5); (28 25 2); (29 25 1); (30 26 7); (31 26 4); (32 27 1); (33 27 3); (34 28 4); (35 29 7); (36 31 5); (37 31 2); (38 33 4); (39 33 4); (40 33 5); (41 33 6); (42 34 7); (43 34 1); (44 35 3); (45 35 5); (46 37 2); (47 38 2); (48 38 3); (49 39 2); (50 40 1); 
Queue 1: (7 10 4); 
Queue 2: (9 12 7); 
Queue 3: (10 12 1); 
Queue 4: (8 10 5); 
Queue 5: closed
Time 13
Waiting clients: (13 14 5); (14 15 3); (15 15 4); (16 16 1); (17 16 7); (18 17 1); (19 17 5); (20 17 3); (21 17 5); (22 18 5); (23 19 3); (24 19 7); (25 19 7); (26 20 3); (27 21 5); (28 25 2); (29 25 1); (30 26 7); (31 26 4); (32 27 1); (33 27 3); (34 28 4); (35 29 7); (36 31 5); (37 31 2); (38 33 4); (39 33 4); (40 33 5); (41 33 6); (42 34 7); (43 34 1); (44 35 3); (45 35 5); (46 37 2); (47 38 2); (48 38 3); (49 39 2); (50 40 1); 
Queue 1: (7 10 3); 
Queue 2: (9 12 6); 
Queue 3: (11 13 3); 
Queue 4: (8 10 4); 
Queue 5: (12 13 1); 
Time 14
Waiting clients: (14 15 3); (15 15 4); (16 16 1); (17 16 7); (18 17 1); (19 17 5); (20 17 3); (21 17 5); (22 18 5); (23 19 3); (24 19 7); (25 19 7); (26 20 3); (27 21 5); (28 25 2); (29 25 1); (30 26 7); (31 26 4); (32 27 1); (33 27 3); (34 28 4); (35 29 7); (36 31 5); (37 31 2); (38 33 4); (39 33 4); (40 33 5); (41 33 6); (42 34 7); (43 34 1); (44 35 3); (45 35 5); (46 37 2); (47 38 2); (48 38 3); (49 39 2); (50 40 1); 
Queue 1: (7 10 2); 
Queue 2: (9 12 5); 
Queue 3: (11 13 2); 
Queue 4: (8 10 3); 
Queue 5: (13 14 5); 
Time 15
Waiting clients: (16 16 1); (17 16 7); (18 17 1); (19 17 5); (20 17 3); (21 17 5); (22 18 5); (23 19 3); (24 19 7); (25 19 7); (26 20 3); (27 21 5); (28 25 2); (29 25 1); (30 26 7); (31 26 4); (32 27 1); (33 27 3); (34 28 4); (35 29 7); (36 31 5); (37 31 2); (38 33 4); (39 33 4); (40 33 5); (41 33 6); (42 34 7); (43 34 1); (44 35 3); (45 35 5); (46 37 2); (47 38 2); (48 38 3); (49 39 2); (50 40 1); 
Queue 1: (7 10 1); (14 15 3); 
Queue 2: (9 12 4); 
Queue 3: (11 13 1); (15 15 4); 
Queue 4: (8 10 2); 
Queue 5: (13 14 4); 
Time 16
Waiting clients: (18 17 1); (19 17 5); (20 17 3); (21 17 5); (22 18 5); (23 19 3); (24 19 7); (25 19 7); (26 20 3); (27 21 5); (28 25 2); (29 25 1); (30 26 7); (31 26 4); (32 27 1); (33 27 3); (34 28 4); (35 29 7); (36 31 5); (37 31 2); (38 33 4); (39 33 4); (40 33 5); (41 33 6); (42 34 7); (43 34 1); (44 35 3); (45 35 5); (46 37 2); (47 38 2); (48 38 3); (49 39 2); (50 40 1); 
Queue 1: (14 15 3); 
Queue 2: (9 12 3); 
Queue 3: (15 15 4); 
Queue 4: (8 10 1); (16 16 1); (17 16 7); 
Queue 5: (13 14 3); 
Time 17
Waiting clients: (22 18 5); (23 19 3); (24 19 7); (25 19 7); (26 20 3); (27 21 5); (28 25 2); (29 25 1); (30 26 7); (31 26 4); (32 27 1); (33 27 3); (34 28 4); (35 29 7); (36 31 5); (37 31 2); (38 33 4); (39 33 4); (40 33 5); (41 33 6); (42 34 7); (43 34 1); (44 35 3); (45 35 5); (46 37 2); (47 38 2); (48 38 3); (49 39 2); (50 40 1); 
Queue 1: (14 15 2); (18 17 1); (21 17 5); 
Queue 2: (9 12 2); (19 17 5); 
Queue 3: (15 15 3); 
Queue 4: (16 16 1); (17 16 7); 
Queue 5: (13 14 2); (20 17 3); 
Time 18
Waiting clients: (23 19 3); (24 19 7); (25 19 7); (26 20 3); (27 21 5); (28 25 2); (29 25 1); (30 26 7); (31 26 4); (32 27 1); (33 27 3); (34 28 4); (35 29 7); (36 31 5); (37 31 2); (38 33 4); (39 33 4); (40 33 5); (41 33 6); (42 34 7); (43 34 1); (44 35 3); (45 35 5); (46 37 2); (47 38 2); (48 38 3); (49 39 2); (50 40 1); 
Queue 1: (14 15 1); (18 17 1); (21 17 5); 
Queue 2: (9 12 1); (19 17 5); 
Queue 3: (15 15 2); (22 18 5); 
Queue 4: (17 16 7); 
Queue 5: (13 14 1); (20 17 3); 
Time 19
Waiting clients: (26 20 3); (27 21 5); (28 25 2); (29 25 1); (30 26 7); (31 26 4); (32 27 1); (33 27 3); (34 28 4); (35 29 7); (36 31 5); (37 31 2); (38 33 4); (39 33 4); (40 33 5); (41 33 6); (42 34 7); (43 34 1); (44 35 3); (45 35 5); (46 37 2); (47 38 2); (48 38 3); (49 39 2); (50 40 1); 
Queue 1: (18 17 1); (21 17 5); (25 19 7); 
Queue 2: (19 17 5); (24 19 7); 
Queue 3: (15 15 1); (22 18 5); 
Queue 4: (17 16 6); 
Queue 5: (20 17 3); (23 19 3); 
Time 20
Waiting clients: (27 21 5); (28 25 2); (29 25 1); (30 26 7); (31 26 4); (32 27 1); (33 27 3); (34 28 4); (35 29 7); (36 31 5); (37 31 2); (38 33 4); (39 33 4); (40 33 5); (41 33 6); (42 34 7); (43 34 1); (44 35 3); (45 35 5); (46 37 2); (47 38 2); (48 38 3); (49 39 2); (50 40 1); 
Queue 1: (21 17 5); (25 19 7); 
Queue 2: (19 17 4); (24 19 7); 
Queue 3: (22 18 5); (26 20 3); 
Queue 4: (17 16 5); 
Queue 5: (20 17 2); (23 19 3); 
Time 21
Waiting clients: (28 25 2); (29 25 1); (30 26 7); (31 26 4); (32 27 1); (33 27 3); (34 28 4); (35 29 7); (36 31 5); (37 31 2); (38 33 4); (39 33 4); (40 33 5); (41 33 6); (42 34 7); (43 34 1); (44 35 3); (45 35 5); (46 37 2); (47 38 2); (48 38 3); (49 39 2); (50 40 1); 
Queue 1: (21 17 4); (25 19 7); 
Queue 2: (19 17 3); (24 19 7); 
Queue 3: (22 18 4); (26 20 3); 
Queue 4: (17 16 4); (27 21 5); 
Queue 5: (20 17 1); (23 19 3); 
Time 22
Waiting clients: (28 25 2); (29 25 1); (30 26 7); (31 26 4); (32 27 1); (33 27 3); (34 28 4); (35 29 7); (36 31 5); (37 31 2); (38 33 4); (39 33 4); (40 33 5); (41 33 6); (42 34 7); (43 34 1); (44 35 3); (45 35 5); (46 37 2); (47 38 2); (48 38 3); (49 39 2); (50 40 1); 
Queue 1: (21 17 3); (25 19 7); 
Queue 2: (19 17 2); (24 19 7); 
Queue 3: (22 18 3); (26 20 3); 
Queue 4: (17 16 3); (27 21 5); 
Queue 5: (23 19 3); 
Time 23
Waiting clients: (28 25 2); (29 25 1); (30 26 7); (31 26 4); (32 27 1); (33 27 3); (34 28 4); (35 29 7); (36 31 5); (37 31 2); (38 33 4); (39 33 4); (40 33 5); (41 33 6); (42 34 7); (43 34 1); (44 35 3); (45 35 5); (46 37 2); (47 38 2); (48 38 3); (49 39 2); (50 40 1); 
Queue 1: (21 17 2); (25 19 7); 
Queue 2: (19 17 1); (24 19 7); 
Queue 3: (22 18 2); (26 20 3); 
Queue 4: (17 16 2); (27 21 5); 
Queue 5: (23 19 2); 
Time 24
Waiting clients: (28 25 2); (29 25 1); (30 26 7); (31 26 4); (32 27 1); (33 27 3); (34 28 4); (35 29 7); (36 31 5); (37 31 2); (38 33 4); (39 33 4); (40 33 5); (41 33 6); (42 34 7); (43 34 1); (44 35 3); (45 35 5); (46 37 2); (47 38 2); (48 38 3); (49 39 2); (50 40 1); 
Queue 1: (21 17 1); (25 19 7); 
Queue 2: (24 19 7); 
Queue 3: (22 18 1); (26 20 3); 
Queue 4: (17 16 1); (27 21 5); 
Queue 5: (23 19 1); 
Time 25
Waiting clients: (30 26 7); (31 26 4); (32 27 1); (33 27 3); (34 28 4); (35 29 7); (36 31 5); (37 31 2); (38 33 4); (39 33 4); (40 33 5); (41 33 6); (42 34 7); (43 34 1); (44 35 3); (45 35 5); (46 37 2); (47 38 2); (48 38 3); (49 39 2); (50 40 1); 
Queue 1: (25 19 7); 
Queue 2: (24 19 6); 
Queue 3: (26 20 3); 
Queue 4: (27 21 5); 
Queue 5: (28 25 2); (29 25 1); 
Time 26
Waiting clients: (32 27 1); (33 27 3); (34 28 4); (35 29 7); (36 31 5); (37 31 2); (38 33 4); (39 33 4); (40 33 5); (41 33 6); (42 34 7); (43 34 1); (44 35 3); (45 35 5); (46 37 2); (47 38 2); (48 38 3); (49 39 2); (50 40 1); 
Queue 1: (25 19 6); 
Queue 2: (24 19 5); 
Queue 3: (26 20 2); (30 26 7); 
Queue 4: (27 21 4); 
Queue 5: (28 25 1); (29 25 1); (31 26 4); 
Time 27
Waiting clients: (34 28 4); (35 29 7); (36 31 5); (37 31 2); (38 33 4); (39 33 4); (40 33 5); (41 33 6); (42 34 7); (43 34 1); (44 35 3); (45 35 5); (46 37 2); (47 38 2); (48 38 3); (49 39 2); (50 40 1); 
Queue 1: (25 19 5); 
Queue 2: (24 19 4); (33 27 3); 
Queue 3: (26 20 1); (30 26 7); 
Queue 4: (27 21 3); (32 27 1); 
Queue 5: (29 25 1); (31 26 4); 
Time 28
Waiting clients: (35 29 7); (36 31 5); (37 31 2); (38 33 4); (39 33 4); (40 33 5); (41 33 6); (42 34 7); (43 34 1); (44 35 3); (45 35 5); (46 37 2); (47 38 2); (48 38 3); (49 39 2); (50 40 1); 
Queue 1: (25 19 4); 
Queue 2: (24 19 3); (33 27 3); 
Queue 3: (30 26 7); 
Queue 4: (27 21 2); (32 27 1); (34 28 4); 
Queue 5: (31 26 4); 
Time 29
Waiting clients: (36 31 5); (37 31 2); (38 33 4); (39 33 4); (40 33 5); (41 33 6); (42 34 7); (43 34 1); (44 35 3); (45 35 5); (46 37 2); (47 38 2); (48 38 3); (49 39 2); (50 40 1); 
Queue 1: (25 19 3); (35 29 7); 
Queue 2: (24 19 2); (33 27 3); 
Queue 3: (30 26 6); 
Queue 4: (27 21 1); (32 27 1); (34 28 4); 
Queue 5: (31 26 3); 
Time 30
Waiting clients: (36 31 5); (37 31 2); (38 33 4); (39 33 4); (40 33 5); (41 33 6); (42 34 7); (43 34 1); (44 35 3); (45 35 5); (46 37 2); (47 38 2); (48 38 3); (49 39 2); (50 40 1); 
Queue 1: (25 19 2); (35 29 7); 
Queue 2: (24 19 1); (33 27 3); 
Queue 3: (30 26 5); 
Queue 4: (32 27 1); (34 28 4); 
Queue 5: (31 26 2); 
Time 31
Waiting clients: (38 33 4); (39 33 4); (40 33 5); (41 33 6); (42 34 7); (43 34 1); (44 35 3); (45 35 5); (46 37 2); (47 38 2); (48 38 3); (49 39 2); (50 40 1); 
Queue 1: (25 19 1); (35 29 7); 
Queue 2: (33 27 3); (37 31 2); 
Queue 3: (30 26 4); 
Queue 4: (34 28 4); 
Queue 5: (31 26 1); (36 31 5); 
Time 32
Waiting clients: (38 33 4); (39 33 4); (40 33 5); (41 33 6); (42 34 7); (43 34 1); (44 35 3); (45 35 5); (46 37 2); (47 38 2); (48 38 3); (49 39 2); (50 40 1); 
Queue 1: (35 29 7); 
Queue 2: (33 27 2); (37 31 2); 
Queue 3: (30 26 3); 
Queue 4: (34 28 3); 
Queue 5: (36 31 5); 
Time 33
Waiting clients: (42 34 7); (43 34 1); (44 35 3); (45 35 5); (46 37 2); (47 38 2); (48 38 3); (49 39 2); (50 40 1); 
Queue 1: (35 29 6); 
Queue 2: (33 27 1); (37 31 2); (40 33 5); 
Queue 3: (30 26 2); (38 33 4); 
Queue 4: (34 28 2); (39 33 4); 
Queue 5: (36 31 4); (41 33 6); 
Time 34
Waiting clients: (44 35 3); (45 35 5); (46 37 2); (47 38 2); (48 38 3); (49 39 2); (50 40 1); 
Queue 1: (35 29 5); (42 34 7); 
Queue 2: (37 31 2); (40 33 5); 
Queue 3: (30 26 1); (38 33 4); (43 34 1); 
Queue 4: (34 28 1); (39 33 4); 
Queue 5: (36 31 3); (41 33 6); 
Time 35
Waiting clients: (46 37 2); (47 38 2); (48 38 3); (49 39 2); (50 40 1); 
Queue 1: (35 29 4); (42 34 7); 
Queue 2: (37 31 1); (40 33 5); 
Queue 3: (38 33 4); (43 34 1); (45 35 5); 
Queue 4: (39 33 4); (44 35 3); 
Queue 5: (36 31 2); (41 33 6); 
Time 36
Waiting clients: (46 37 2); (47 38 2); (48 38 3); (49 39 2); (50 40 1); 
Queue 1: (35 29 3); (42 34 7); 
Queue 2: (40 33 5); 
Queue 3: (38 33 3); (43 34 1); (45 35 5); 
Queue 4: (39 33 3); (44 35 3); 
Queue 5: (36 31 1); (41 33 6); 
Time 37
Waiting clients: (47 38 2); (48 38 3); (49 39 2); (50 40 1); 
Queue 1: (35 29 2); (42 34 7); 
Queue 2: (40 33 4); (46 37 2); 
Queue 3: (38 33 2); (43 34 1); (45 35 5); 
Queue 4: (39 33 2); (44 35 3); 
Queue 5: (41 33 6); 
Time 38
Waiting clients: (49 39 2); (50 40 1); 
Queue 1: (35 29 1); (42 34 7); 
Queue 2: (40 33 3); (46 37 2); (48 38 3); 
Queue 3: (38 33 1); (43 34 1); (45 35 5); 
Queue 4: (39 33 1); (44 35 3); (47 38 2); 
Queue 5: (41 33 5); 
Time 39
Waiting clients: (50 40 1); 
Queue 1: (42 34 7); 
Queue 2: (40 33 2); (46 37 2); (48 38 3); 
Queue 3: (43 34 1); (45 35 5); 
Queue 4: (44 35 3); (47 38 2); 
Queue 5: (41 33 4); (49 39 2); 
Time 40
Waiting clients: 
Queue 1: (42 34 6); 
Queue 2: (40 33 1); (46 37 2); (48 38 3); 
Queue 3: (45 35 5); 
Queue 4: (44 35 2); (47 38 2); (50 40 1); 
Queue 5: (41 33 3); (49 39 2); 
Time 41
Waiting clients: 
Queue 1: (42 34 5); 
Queue 2: (46 37 2); (48 38 3); 
Queue 3: (45 35 4); 
Queue 4: (44 35 1); (47 38 2); (50 40 1); 
Queue 5: (41 33 2); (49 39 2); 
Time 42
Waiting clients: 
Queue 1: (42 34 4); 
Queue 2: (46 37 1); (48 38 3); 
Queue 3: (45 35 3); 
Queue 4: (47 38 2); (50 40 1); 
Queue 5: (41 33 1); (49 39 2); 
Time 43
Waiting clients: 
Queue 1: (42 34 3); 
Queue 2: (48 38 3); 
Queue 3: (45 35 2); 
Queue 4: (47 38 1); (50 40 1); 
Queue 5: (49 39 2); 
Time 44
Waiting clients: 
Queue 1: (42 34 2); 
Queue 2: (48 38 2); 
Queue 3: (45 35 1); 
Queue 4: (50 40 1); 
Queue 5: (49 39 1); 
Time 45
Waiting clients: 
Queue 1: (42 34 1); 
Queue 2: (48 38 1); 
Queue 3: closed
Queue 4: closed
Queue 5: closed
Time 46
Waiting clients: 
Queue 1: closed
Queue 2: closed
Queue 3: closed
Queue 4: closed
Queue 5: closed
Time 47
Waiting clients: 
Queue 1: closed
Queue 2: closed
Queue 3: closed
Queue 4: closed
Queue 5: closed
Queue 1: average serving time= 4.888888888888889
Queue 2: average serving time= 4.3
Queue 3: average serving time= 3.5454545454545454
Queue 4: average serving time= 3.5
Queue 5: average serving time= 3.2
average waiting time= 17.9
secunda: 3 clientul cu ID-ul: 1 secunda: 4 clientul cu ID-ul: 2 secunda: 5 clientul cu ID-ul: 3 secunda: 8 clientul cu ID-ul: 4 secunda: 1 clientul cu ID-ul: 1 secunda: 1 clientul cu ID-ul: 2 secunda: 6 clientul cu ID-ul: 3 secunda: 8 clientul cu ID-ul: 4 secunda: 2 clientul cu ID-ul: 1 secunda: 20 clientul cu ID-ul: 2 secunda: 15 clientul cu ID-ul: 1 secunda: 16 clientul cu ID-ul: 2 secunda: 22 clientul cu ID-ul: 3 secunda: 23 clientul cu ID-ul: 4 secunda: 2 clientul cu ID-ul: 1 secunda: 3 clientul cu ID-ul: 2 secunda: 5 clientul cu ID-ul: 3 secunda: 7 clientul cu ID-ul: 4 secunda: 8 clientul cu ID-ul: 5 secunda: 9 clientul cu ID-ul: 6 secunda: 10 clientul cu ID-ul: 7 secunda: 10 clientul cu ID-ul: 8 secunda: 12 clientul cu ID-ul: 9 secunda: 12 clientul cu ID-ul: 10 secunda: 13 clientul cu ID-ul: 11 secunda: 13 clientul cu ID-ul: 12 secunda: 14 clientul cu ID-ul: 13 secunda: 15 clientul cu ID-ul: 14 secunda: 15 clientul cu ID-ul: 15 secunda: 16 clientul cu ID-ul: 16 secunda: 16 clientul cu ID-ul: 17 secunda: 17 clientul cu ID-ul: 18 secunda: 17 clientul cu ID-ul: 19 secunda: 17 clientul cu ID-ul: 20 secunda: 17 clientul cu ID-ul: 21 secunda: 18 clientul cu ID-ul: 22 secunda: 19 clientul cu ID-ul: 23 secunda: 19 clientul cu ID-ul: 24 secunda: 19 clientul cu ID-ul: 25 secunda: 20 clientul cu ID-ul: 26 secunda: 21 clientul cu ID-ul: 27 secunda: 25 clientul cu ID-ul: 28 secunda: 25 clientul cu ID-ul: 29 secunda: 26 clientul cu ID-ul: 30 secunda: 26 clientul cu ID-ul: 31 secunda: 27 clientul cu ID-ul: 32 secunda: 27 clientul cu ID-ul: 33 secunda: 28 clientul cu ID-ul: 34 secunda: 29 clientul cu ID-ul: 35 secunda: 31 clientul cu ID-ul: 36 secunda: 31 clientul cu ID-ul: 37 secunda: 33 clientul cu ID-ul: 38 secunda: 33 clientul cu ID-ul: 39 secunda: 33 clientul cu ID-ul: 40 secunda: 33 clientul cu ID-ul: 41 secunda: 34 clientul cu ID-ul: 42 secunda: 34 clientul cu ID-ul: 43 secunda: 35 clientul cu ID-ul: 44 secunda: 35 clientul cu ID-ul: 45 secunda: 37 clientul cu ID-ul: 46 secunda: 38 clientul cu ID-ul: 47 secunda: 38 clientul cu ID-ul: 48 secunda: 39 clientul cu ID-ul: 49 secunda: 40 clientul cu ID-ul: 50 
